1.0 0.1 4 2241 31 0.129032258065 0.00178491744757 2
1.0 0.1 3 2241 18 0.166666666667 0.00133868808568 3
1.0 0.1 12 2241 48 0.25 0.0053547523427 4
1.0 0.1 5 2241 64 0.078125 0.00223114680946 5
1.0 0.1 6 2241 37 0.162162162162 0.00267737617135 6
1.0 0.1 9 2241 35 0.257142857143 0.00401606425703 7
1.0 0.1 1 2241 21 0.047619047619 0.000446229361892 8
1.0 0.1 2 2241 30 0.0666666666667 0.000892458723784 9
1.0 0.1 6 2241 49 0.122448979592 0.00267737617135 10
1.0 0.1 4 2241 52 0.0769230769231 0.00178491744757 11
1.0 0.1 3 2241 13 0.230769230769 0.00133868808568 12
1.0 0.1 1 2241 5 0.2 0.000446229361892 13
1.0 0.1 4 2241 31 0.129032258065 0.00178491744757 14
1.0 0.1 17 2241 101 0.168316831683 0.00758589915216 15
1.0 0.1 2 2241 2 1.0 0.000892458723784 16
1.0 0.1 11 2241 115 0.095652173913 0.00490852298081 17
