00000005533769
00000005522950
00000005534101
00000005534665
00000005538602
00000005533401
00000005530189
00000005535479
00000005534329
00000005534531
00000005369140
00000005528653
00000005532947
00000005534234
00000005528790
00000005504381
00000005535934
00000005535952
00000005528420
00000005535212
00000005459248
00000005533307
00000005535458
00000005528592
00000005534389
00000005142424
00000005535018
00000005533889
00000005504658
00000005534714
00000005533820
00000005474259
00000005476746
00000005535719
00000005528758
