29 905 652 0.0444785276074 0.032044198895 experim_single/logs/pcity3_detect_2017_04_03_08.51
24 386 652 0.0368098159509 0.0621761658031 experim_single/logs/pzip3_detect_2017_04_03_07.13
52 945 652 0.079754601227 0.0550264550265 experim_single/logs/ccity3_detect_2017_04_03_18.27
42 378 652 0.0644171779141 0.111111111111 experim_single/logs/tripdate3_detect_2017_04_02_21.16
32 640 652 0.0490797546012 0.05 experim_single/logs/currency3_detect_2017_04_03_15.16
33 620 652 0.0506134969325 0.0532258064516 experim_single/logs/traveller3_detect_2017_04_02_22.58
21 340 652 0.0322085889571 0.0617647058824 experim_single/logs/czip3_detect_2017_04_03_13.47
9 652 652 0.0138036809816 0.0138036809816 experim_single/logs/cname3_detect_2017_04_03_10.30
29 346 652 0.0444785276074 0.0838150289017 experim_single/logs/pstreet3_detect_2017_04_03_05.32
3 578 652 0.00460122699387 0.00519031141869 experim_single/logs/cstreet3_detect_2017_04_03_12.09
28 485 652 0.0429447852761 0.0577319587629 experim_single/logs/voucherdate3_detect_2017_04_03_00.39
27 411 652 0.0414110429448 0.0656934306569 experim_single/logs/duedate3_detect_2017_04_03_02.14
10 333 652 0.0153374233129 0.03003003003 experim_single/logs/pretax3_detect_2017_04_03_03.50
0 123 652 0.0 0.0 experim_single/logs/vatpercent3_detect_2017_04_03_16.52
15 398 652 0.0230061349693 0.0376884422111 experim_single/logs/commission3_detect_2017_04_02_19.34
18 411 652 0.0276073619632 0.043795620438 experim_single/logs/aftertax3_detect_2017_04_02_18.03
